0 0 0
0 0.001 9.86962e-06
0 0.002 3.94787e-05
0 0.003 8.88278e-05
0 0.004 0.000157918
0 0.005 0.00024675
0 0.006 0.000355327
0 0.007 0.00048365
0 0.008 0.000631721
0 0.009 0.000799544
0 0.01 0.000987123
0 0.011 0.00119446
0 0.012 0.00142156
0 0.013 0.00166843
0 0.014 0.00193507
0 0.015 0.00222148
0 0.016 0.00252768
0 0.017 0.00285367
0 0.018 0.00319945
0 0.019 0.00356504
0 0.02 0.00395043
0 0.021 0.00435564
0 0.022 0.00478068
0 0.023 0.00522555
0 0.024 0.00569026
0 0.025 0.00617482
0 0.026 0.00667924
0 0.027 0.00720352
0 0.028 0.00774769
0 0.029 0.00831175
0 0.03 0.00889571
0 0.031 0.00949958
0 0.032 0.0101234
0 0.033 0.0107671
0 0.034 0.0114308
0 0.035 0.0121144
0 0.036 0.012818
0 0.037 0.0135416
0 0.038 0.0142852
0 0.039 0.0150488
0 0.04 0.0158324
0 0.041 0.0166361
0 0.042 0.0174599
0 0.043 0.0183037
0 0.044 0.0191675
0 0.045 0.0200515
0 0.046 0.0209557
0 0.047 0.0218799
0 0.048 0.0228243
0 0.049 0.0237889
0 0.05 0.0247736
0 0.051 0.0257786
0 0.052 0.0268038
0 0.053 0.0278492
0 0.054 0.0289149
0 0.055 0.0300008
0 0.056 0.0311071
0 0.057 0.0322337
0 0.058 0.0333806
0 0.059 0.0345478
0 0.06 0.0357355
0 0.061 0.0369435
0 0.062 0.0381719
0 0.063 0.0394208
0 0.064 0.0406901
0 0.065 0.0419799
0 0.066 0.0432902
0 0.067 0.0446211
0 0.068 0.0459724
0 0.069 0.0473444
0 0.07 0.0487369
0 0.071 0.05015
0 0.072 0.0515838
0 0.073 0.0530382
0 0.074 0.0545133
0 0.075 0.056009
0 0.076 0.0575255
0 0.077 0.0590628
0 0.078 0.0606208
0 0.079 0.0621996
0 0.08 0.0637992
0 0.081 0.0654197
0 0.082 0.067061
0 0.083 0.0687232
0 0.084 0.0704063
0 0.085 0.0721103
0 0.086 0.0738353
0 0.087 0.0755813
0 0.088 0.0773483
0 0.089 0.0791363
0 0.09 0.0809454
0 0.091 0.0827756
0 0.092 0.0846268
0 0.093 0.0864992
0 0.094 0.0883927
0 0.095 0.0903074
0 0.096 0.0922434
0 0.097 0.0942005
0 0.098 0.0961789
0 0.099 0.0981785
0 0.1 0.100199
0 0.101 0.102242
0 0.102 0.104305
0 0.103 0.10639
0 0.104 0.108497
0 0.105 0.110625
0 0.106 0.112774
0 0.107 0.114944
0 0.108 0.117137
0 0.109 0.11935
0 0.11 0.121586
0 0.111 0.123842
0 0.112 0.126121
0 0.113 0.128421
0 0.114 0.130742
0 0.115 0.133086
0 0.116 0.13545
0 0.117 0.137837
0 0.118 0.140245
0 0.119 0.142675
0 0.12 0.145127
0 0.121 0.147601
0 0.122 0.150096
0 0.123 0.152613
0 0.124 0.155152
0 0.125 0.157713
0 0.126 0.160296
0 0.127 0.1629
0 0.128 0.165527
0 0.129 0.168175
0 0.13 0.170846
0 0.131 0.173538
0 0.132 0.176253
0 0.133 0.178989
0 0.134 0.181747
0 0.135 0.184528
0 0.136 0.18733
0 0.137 0.190155
0 0.138 0.193001
0 0.139 0.19587
0 0.14 0.19876
0 0.141 0.201673
0 0.142 0.204608
0 0.143 0.207565
0 0.144 0.210544
0 0.145 0.213546
0 0.146 0.216569
0 0.147 0.219615
0 0.148 0.222683
0 0.149 0.225773
0 0.15 0.228885
0 0.151 0.23202
0 0.152 0.235176
0 0.153 0.238355
0 0.154 0.241556
0 0.155 0.244779
0 0.156 0.248025
0 0.157 0.251293
0 0.158 0.254582
0 0.159 0.257895
0 0.16 0.261229
0 0.161 0.264586
0 0.162 0.267964
0 0.163 0.271365
0 0.164 0.274788
0 0.165 0.278234
0 0.166 0.281701
0 0.167 0.285191
0 0.168 0.288703
0 0.169 0.292237
0 0.17 0.295793
0 0.171 0.299372
0 0.172 0.302972
0 0.173 0.306595
0 0.174 0.31024
0 0.175 0.313906
0 0.176 0.317595
0 0.177 0.321306
0 0.178 0.325039
0 0.179 0.328794
0 0.18 0.332571
0 0.181 0.33637
0 0.182 0.340191
0 0.183 0.344034
0 0.184 0.347899
0 0.185 0.351785
0 0.186 0.355694
0 0.187 0.359624
0 0.188 0.363576
0 0.189 0.367549
0 0.19 0.371545
0 0.191 0.375562
0 0.192 0.379601
0 0.193 0.383661
0 0.194 0.387743
0 0.195 0.391846
0 0.196 0.395971
0 0.197 0.400117
0 0.198 0.404285
0 0.199 0.408474
0 0.2 0.412684
0 0.201 0.416916
0 0.202 0.421168
0 0.203 0.425442
0 0.204 0.429737
0 0.205 0.434053
0 0.206 0.438389
0 0.207 0.442747
0 0.208 0.447126
0 0.209 0.451525
0 0.21 0.455945
0 0.211 0.460385
0 0.212 0.464847
0 0.213 0.469328
0 0.214 0.47383
0 0.215 0.478353
0 0.216 0.482895
0 0.217 0.487458
0 0.218 0.492041
0 0.219 0.496644
0 0.22 0.501267
0 0.221 0.50591
0 0.222 0.510572
0 0.223 0.515254
0 0.224 0.519956
0 0.225 0.524677
0 0.226 0.529418
0 0.227 0.534178
0 0.228 0.538957
0 0.229 0.543755
0 0.23 0.548572
0 0.231 0.553408
0 0.232 0.558263
0 0.233 0.563137
0 0.234 0.568029
0 0.235 0.572939
0 0.236 0.577868
0 0.237 0.582815
0 0.238 0.58778
0 0.239 0.592763
0 0.24 0.597763
0 0.241 0.602782
0 0.242 0.607818
0 0.243 0.612871
0 0.244 0.617942
0 0.245 0.62303
0 0.246 0.628135
0 0.247 0.633256
0 0.248 0.638395
0 0.249 0.64355
0 0.25 0.648721
0 0.251 0.653909
0 0.252 0.659113
0 0.253 0.664333
0 0.254 0.669568
0 0.255 0.674819
0 0.256 0.680086
0 0.257 0.685368
0 0.258 0.690665
0 0.259 0.695977
0 0.26 0.701304
0 0.261 0.706646
0 0.262 0.712002
0 0.263 0.717372
0 0.264 0.722756
0 0.265 0.728155
0 0.266 0.733567
0 0.267 0.738992
0 0.268 0.744431
0 0.269 0.749882
0 0.27 0.755347
0 0.271 0.760825
0 0.272 0.766314
0 0.273 0.771817
0 0.274 0.777331
0 0.275 0.782857
0 0.276 0.788395
0 0.277 0.793944
0 0.278 0.799505
0 0.279 0.805076
0 0.28 0.810659
0 0.281 0.816251
0 0.282 0.821855
0 0.283 0.827468
0 0.284 0.833091
0 0.285 0.838724
0 0.286 0.844366
0 0.287 0.850017
0 0.288 0.855677
0 0.289 0.861346
0 0.29 0.867023
0 0.291 0.872708
0 0.292 0.878401
0 0.293 0.884101
0 0.294 0.889809
0 0.295 0.895524
0 0.296 0.901246
0 0.297 0.906975
0 0.298 0.912709
0 0.299 0.91845
0 0.3 0.924197
0 0.301 0.929948
0 0.302 0.935705
0 0.303 0.941467
0 0.304 0.947234
0 0.305 0.953005
0 0.306 0.958779
0 0.307 0.964558
0 0.308 0.97034
0 0.309 0.976125
0 0.31 0.981912
0 0.311 0.987703
0 0.312 0.993495
0 0.313 0.99929
0 0.314 1.00509
0 0.315 1.01088
0 0.316 1.01668
0 0.317 1.02248
0 0.318 1.02828
0 0.319 1.03408
0 0.32 1.03988
0 0.321 1.04568
0 0.322 1.05147
0 0.323 1.05727
0 0.324 1.06306
0 0.325 1.06885
0 0.326 1.07464
0 0.327 1.08043
0 0.328 1.08622
0 0.329 1.092
0 0.33 1.09777
0 0.331 1.10355
0 0.332 1.10932
0 0.333 1.11508
0 0.334 1.12084
0 0.335 1.12659
0 0.336 1.13234
0 0.337 1.13808
0 0.338 1.14382
0 0.339 1.14954
0 0.34 1.15526
0 0.341 1.16098
0 0.342 1.16668
0 0.343 1.17238
0 0.344 1.17807
0 0.345 1.18375
0 0.346 1.18942
0 0.347 1.19507
0 0.348 1.20072
0 0.349 1.20636
0 0.35 1.21199
0 0.351 1.21761
0 0.352 1.22321
0 0.353 1.2288
0 0.354 1.23438
0 0.355 1.23995
0 0.356 1.2455
0 0.357 1.25104
0 0.358 1.25657
0 0.359 1.26208
0 0.36 1.26758
0 0.361 1.27306
0 0.362 1.27852
0 0.363 1.28397
0 0.364 1.28941
0 0.365 1.29482
0 0.366 1.30022
0 0.367 1.3056
0 0.368 1.31097
0 0.369 1.31631
0 0.37 1.32164
0 0.371 1.32695
0 0.372 1.33223
0 0.373 1.3375
0 0.374 1.34275
0 0.375 1.34798
0 0.376 1.35318
0 0.377 1.35836
0 0.378 1.36353
0 0.379 1.36867
0 0.38 1.37378
0 0.381 1.37887
0 0.382 1.38394
0 0.383 1.38899
0 0.384 1.39401
0 0.385 1.39901
0 0.386 1.40398
0 0.387 1.40893
0 0.388 1.41385
0 0.389 1.41874
0 0.39 1.42361
0 0.391 1.42845
0 0.392 1.43326
0 0.393 1.43804
0 0.394 1.4428
0 0.395 1.44753
0 0.396 1.45222
0 0.397 1.45689
0 0.398 1.46153
0 0.399 1.46614
0 0.4 1.47072
0 0.401 1.47526
0 0.402 1.47978
0 0.403 1.48426
0 0.404 1.48871
0 0.405 1.49313
0 0.406 1.49752
0 0.407 1.50187
0 0.408 1.50619
0 0.409 1.51048
0 0.41 1.51473
0 0.411 1.51894
0 0.412 1.52312
0 0.413 1.52727
0 0.414 1.53138
0 0.415 1.53545
0 0.416 1.53949
0 0.417 1.54349
0 0.418 1.54745
0 0.419 1.55137
0 0.42 1.55526
0 0.421 1.55911
0 0.422 1.56292
0 0.423 1.56669
0 0.424 1.57042
0 0.425 1.57411
0 0.426 1.57776
0 0.427 1.58137
0 0.428 1.58494
0 0.429 1.58847
0 0.43 1.59196
0 0.431 1.5954
0 0.432 1.59881
0 0.433 1.60217
0 0.434 1.60549
0 0.435 1.60877
0 0.436 1.612
0 0.437 1.61519
0 0.438 1.61833
0 0.439 1.62144
0 0.44 1.62449
0 0.441 1.62751
0 0.442 1.63048
0 0.443 1.6334
0 0.444 1.63627
0 0.445 1.63911
0 0.446 1.64189
0 0.447 1.64463
0 0.448 1.64732
0 0.449 1.64997
0 0.45 1.65257
0 0.451 1.65512
0 0.452 1.65762
0 0.453 1.66008
0 0.454 1.66249
0 0.455 1.66485
0 0.456 1.66716
0 0.457 1.66942
0 0.458 1.67164
0 0.459 1.6738
0 0.46 1.67592
0 0.461 1.67798
0 0.462 1.68
0 0.463 1.68196
0 0.464 1.68388
0 0.465 1.68575
0 0.466 1.68756
0 0.467 1.68933
0 0.468 1.69104
0 0.469 1.6927
0 0.47 1.69431
0 0.471 1.69587
0 0.472 1.69738
0 0.473 1.69884
0 0.474 1.70025
0 0.475 1.7016
0 0.476 1.7029
0 0.477 1.70415
0 0.478 1.70535
0 0.479 1.70649
0 0.48 1.70759
0 0.481 1.70863
0 0.482 1.70961
0 0.483 1.71055
0 0.484 1.71143
0 0.485 1.71226
0 0.486 1.71303
0 0.487 1.71375
0 0.488 1.71442
0 0.489 1.71504
0 0.49 1.7156
0 0.491 1.71611
0 0.492 1.71657
0 0.493 1.71697
0 0.494 1.71732
0 0.495 1.71761
0 0.496 1.71785
0 0.497 1.71804
0 0.498 1.71817
0 0.499 1.71826
0 0.5 1.71828
0 0.501 1.71826
0 0.502 1.71817
0 0.503 1.71804
0 0.504 1.71785
0 0.505 1.71761
0 0.506 1.71732
0 0.507 1.71697
0 0.508 1.71657
0 0.509 1.71611
0 0.51 1.7156
0 0.511 1.71504
0 0.512 1.71442
0 0.513 1.71375
0 0.514 1.71303
0 0.515 1.71226
0 0.516 1.71143
0 0.517 1.71055
0 0.518 1.70961
0 0.519 1.70863
0 0.52 1.70759
0 0.521 1.70649
0 0.522 1.70535
0 0.523 1.70415
0 0.524 1.7029
0 0.525 1.7016
0 0.526 1.70025
0 0.527 1.69884
0 0.528 1.69738
0 0.529 1.69587
0 0.53 1.69431
0 0.531 1.6927
0 0.532 1.69104
0 0.533 1.68933
0 0.534 1.68756
0 0.535 1.68575
0 0.536 1.68388
0 0.537 1.68196
0 0.538 1.68
0 0.539 1.67798
0 0.54 1.67592
0 0.541 1.6738
0 0.542 1.67164
0 0.543 1.66942
0 0.544 1.66716
0 0.545 1.66485
0 0.546 1.66249
0 0.547 1.66008
0 0.548 1.65762
0 0.549 1.65512
0 0.55 1.65257
0 0.551 1.64997
0 0.552 1.64732
0 0.553 1.64463
0 0.554 1.64189
0 0.555 1.63911
0 0.556 1.63627
0 0.557 1.6334
0 0.558 1.63048
0 0.559 1.62751
0 0.56 1.62449
0 0.561 1.62144
0 0.562 1.61833
0 0.563 1.61519
0 0.564 1.612
0 0.565 1.60877
0 0.566 1.60549
0 0.567 1.60217
0 0.568 1.59881
0 0.569 1.5954
0 0.57 1.59196
0 0.571 1.58847
0 0.572 1.58494
0 0.573 1.58137
0 0.574 1.57776
0 0.575 1.57411
0 0.576 1.57042
0 0.577 1.56669
0 0.578 1.56292
0 0.579 1.55911
0 0.58 1.55526
0 0.581 1.55137
0 0.582 1.54745
0 0.583 1.54349
0 0.584 1.53949
0 0.585 1.53545
0 0.586 1.53138
0 0.587 1.52727
0 0.588 1.52312
0 0.589 1.51894
0 0.59 1.51473
0 0.591 1.51048
0 0.592 1.50619
0 0.593 1.50187
0 0.594 1.49752
0 0.595 1.49313
0 0.596 1.48871
0 0.597 1.48426
0 0.598 1.47978
0 0.599 1.47526
0 0.6 1.47072
0 0.601 1.46614
0 0.602 1.46153
0 0.603 1.45689
0 0.604 1.45222
0 0.605 1.44753
0 0.606 1.4428
0 0.607 1.43804
0 0.608 1.43326
0 0.609 1.42845
0 0.61 1.42361
0 0.611 1.41874
0 0.612 1.41385
0 0.613 1.40893
0 0.614 1.40398
0 0.615 1.39901
0 0.616 1.39401
0 0.617 1.38899
0 0.618 1.38394
0 0.619 1.37887
0 0.62 1.37378
0 0.621 1.36867
0 0.622 1.36353
0 0.623 1.35836
0 0.624 1.35318
0 0.625 1.34798
0 0.626 1.34275
0 0.627 1.3375
0 0.628 1.33223
0 0.629 1.32695
0 0.63 1.32164
0 0.631 1.31631
0 0.632 1.31097
0 0.633 1.3056
0 0.634 1.30022
0 0.635 1.29482
0 0.636 1.28941
0 0.637 1.28397
0 0.638 1.27852
0 0.639 1.27306
0 0.64 1.26758
0 0.641 1.26208
0 0.642 1.25657
0 0.643 1.25104
0 0.644 1.2455
0 0.645 1.23995
0 0.646 1.23438
0 0.647 1.2288
0 0.648 1.22321
0 0.649 1.21761
0 0.65 1.21199
0 0.651 1.20636
0 0.652 1.20072
0 0.653 1.19507
0 0.654 1.18942
0 0.655 1.18375
0 0.656 1.17807
0 0.657 1.17238
0 0.658 1.16668
0 0.659 1.16098
0 0.66 1.15526
0 0.661 1.14954
0 0.662 1.14382
0 0.663 1.13808
0 0.664 1.13234
0 0.665 1.12659
0 0.666 1.12084
0 0.667 1.11508
0 0.668 1.10932
0 0.669 1.10355
0 0.67 1.09777
0 0.671 1.092
0 0.672 1.08622
0 0.673 1.08043
0 0.674 1.07464
0 0.675 1.06885
0 0.676 1.06306
0 0.677 1.05727
0 0.678 1.05147
0 0.679 1.04568
0 0.68 1.03988
0 0.681 1.03408
0 0.682 1.02828
0 0.683 1.02248
0 0.684 1.01668
0 0.685 1.01088
0 0.686 1.00509
0 0.687 0.99929
0 0.688 0.993495
0 0.689 0.987703
0 0.69 0.981912
0 0.691 0.976125
0 0.692 0.97034
0 0.693 0.964558
0 0.694 0.958779
0 0.695 0.953005
0 0.696 0.947234
0 0.697 0.941467
0 0.698 0.935705
0 0.699 0.929948
0 0.7 0.924197
0 0.701 0.91845
0 0.702 0.912709
0 0.703 0.906975
0 0.704 0.901246
0 0.705 0.895524
0 0.706 0.889809
0 0.707 0.884101
0 0.708 0.878401
0 0.709 0.872708
0 0.71 0.867023
0 0.711 0.861346
0 0.712 0.855677
0 0.713 0.850017
0 0.714 0.844366
0 0.715 0.838724
0 0.716 0.833091
0 0.717 0.827468
0 0.718 0.821855
0 0.719 0.816251
0 0.72 0.810659
0 0.721 0.805076
0 0.722 0.799505
0 0.723 0.793944
0 0.724 0.788395
0 0.725 0.782857
0 0.726 0.777331
0 0.727 0.771817
0 0.728 0.766314
0 0.729 0.760825
0 0.73 0.755347
0 0.731 0.749882
0 0.732 0.744431
0 0.733 0.738992
0 0.734 0.733567
0 0.735 0.728155
0 0.736 0.722756
0 0.737 0.717372
0 0.738 0.712002
0 0.739 0.706646
0 0.74 0.701304
0 0.741 0.695977
0 0.742 0.690665
0 0.743 0.685368
0 0.744 0.680086
0 0.745 0.674819
0 0.746 0.669568
0 0.747 0.664333
0 0.748 0.659113
0 0.749 0.653909
0 0.75 0.648721
0 0.751 0.64355
0 0.752 0.638395
0 0.753 0.633256
0 0.754 0.628135
0 0.755 0.62303
0 0.756 0.617942
0 0.757 0.612871
0 0.758 0.607818
0 0.759 0.602782
0 0.76 0.597763
0 0.761 0.592763
0 0.762 0.58778
0 0.763 0.582815
0 0.764 0.577868
0 0.765 0.572939
0 0.766 0.568029
0 0.767 0.563137
0 0.768 0.558263
0 0.769 0.553408
0 0.77 0.548572
0 0.771 0.543755
0 0.772 0.538957
0 0.773 0.534178
0 0.774 0.529418
0 0.775 0.524677
0 0.776 0.519956
0 0.777 0.515254
0 0.778 0.510572
0 0.779 0.50591
0 0.78 0.501267
0 0.781 0.496644
0 0.782 0.492041
0 0.783 0.487458
0 0.784 0.482895
0 0.785 0.478353
0 0.786 0.47383
0 0.787 0.469328
0 0.788 0.464847
0 0.789 0.460385
0 0.79 0.455945
0 0.791 0.451525
0 0.792 0.447126
0 0.793 0.442747
0 0.794 0.438389
0 0.795 0.434053
0 0.796 0.429737
0 0.797 0.425442
0 0.798 0.421168
0 0.799 0.416916
0 0.8 0.412684
0 0.801 0.408474
0 0.802 0.404285
0 0.803 0.400117
0 0.804 0.395971
0 0.805 0.391846
0 0.806 0.387743
0 0.807 0.383661
0 0.808 0.379601
0 0.809 0.375562
0 0.81 0.371545
0 0.811 0.367549
0 0.812 0.363576
0 0.813 0.359624
0 0.814 0.355694
0 0.815 0.351785
0 0.816 0.347899
0 0.817 0.344034
0 0.818 0.340191
0 0.819 0.33637
0 0.82 0.332571
0 0.821 0.328794
0 0.822 0.325039
0 0.823 0.321306
0 0.824 0.317595
0 0.825 0.313906
0 0.826 0.31024
0 0.827 0.306595
0 0.828 0.302972
0 0.829 0.299372
0 0.83 0.295793
0 0.831 0.292237
0 0.832 0.288703
0 0.833 0.285191
0 0.834 0.281701
0 0.835 0.278234
0 0.836 0.274788
0 0.837 0.271365
0 0.838 0.267964
0 0.839 0.264586
0 0.84 0.261229
0 0.841 0.257895
0 0.842 0.254582
0 0.843 0.251293
0 0.844 0.248025
0 0.845 0.244779
0 0.846 0.241556
0 0.847 0.238355
0 0.848 0.235176
0 0.849 0.23202
0 0.85 0.228885
0 0.851 0.225773
0 0.852 0.222683
0 0.853 0.219615
0 0.854 0.216569
0 0.855 0.213546
0 0.856 0.210544
0 0.857 0.207565
0 0.858 0.204608
0 0.859 0.201673
0 0.86 0.19876
0 0.861 0.19587
0 0.862 0.193001
0 0.863 0.190155
0 0.864 0.18733
0 0.865 0.184528
0 0.866 0.181747
0 0.867 0.178989
0 0.868 0.176253
0 0.869 0.173538
0 0.87 0.170846
0 0.871 0.168175
0 0.872 0.165527
0 0.873 0.1629
0 0.874 0.160296
0 0.875 0.157713
0 0.876 0.155152
0 0.877 0.152613
0 0.878 0.150096
0 0.879 0.147601
0 0.88 0.145127
0 0.881 0.142675
0 0.882 0.140245
0 0.883 0.137837
0 0.884 0.13545
0 0.885 0.133086
0 0.886 0.130742
0 0.887 0.128421
0 0.888 0.126121
0 0.889 0.123842
0 0.89 0.121586
0 0.891 0.11935
0 0.892 0.117137
0 0.893 0.114944
0 0.894 0.112774
0 0.895 0.110625
0 0.896 0.108497
0 0.897 0.10639
0 0.898 0.104305
0 0.899 0.102242
0 0.9 0.100199
0 0.901 0.0981785
0 0.902 0.0961789
0 0.903 0.0942005
0 0.904 0.0922434
0 0.905 0.0903074
0 0.906 0.0883927
0 0.907 0.0864992
0 0.908 0.0846268
0 0.909 0.0827756
0 0.91 0.0809454
0 0.911 0.0791363
0 0.912 0.0773483
0 0.913 0.0755813
0 0.914 0.0738353
0 0.915 0.0721103
0 0.916 0.0704063
0 0.917 0.0687232
0 0.918 0.067061
0 0.919 0.0654197
0 0.92 0.0637992
0 0.921 0.0621996
0 0.922 0.0606208
0 0.923 0.0590628
0 0.924 0.0575255
0 0.925 0.056009
0 0.926 0.0545133
0 0.927 0.0530382
0 0.928 0.0515838
0 0.929 0.05015
0 0.93 0.0487369
0 0.931 0.0473444
0 0.932 0.0459724
0 0.933 0.0446211
0 0.934 0.0432902
0 0.935 0.0419799
0 0.936 0.0406901
0 0.937 0.0394208
0 0.938 0.0381719
0 0.939 0.0369435
0 0.94 0.0357355
0 0.941 0.0345478
0 0.942 0.0333806
0 0.943 0.0322337
0 0.944 0.0311071
0 0.945 0.0300008
0 0.946 0.0289149
0 0.947 0.0278492
0 0.948 0.0268038
0 0.949 0.0257786
0 0.95 0.0247736
0 0.951 0.0237889
0 0.952 0.0228243
0 0.953 0.0218799
0 0.954 0.0209557
0 0.955 0.0200515
0 0.956 0.0191675
0 0.957 0.0183037
0 0.958 0.0174599
0 0.959 0.0166361
0 0.96 0.0158324
0 0.961 0.0150488
0 0.962 0.0142852
0 0.963 0.0135416
0 0.964 0.012818
0 0.965 0.0121144
0 0.966 0.0114308
0 0.967 0.0107671
0 0.968 0.0101234
0 0.969 0.00949958
0 0.97 0.00889571
0 0.971 0.00831175
0 0.972 0.00774769
0 0.973 0.00720352
0 0.974 0.00667924
0 0.975 0.00617482
0 0.976 0.00569026
0 0.977 0.00522555
0 0.978 0.00478068
0 0.979 0.00435564
0 0.98 0.00395043
0 0.981 0.00356504
0 0.982 0.00319945
0 0.983 0.00285367
0 0.984 0.00252768
0 0.985 0.00222148
0 0.986 0.00193507
0 0.987 0.00166843
0 0.988 0.00142156
0 0.989 0.00119446
0 0.99 0.000987123
0 0.991 0.000799544
0 0.992 0.000631721
0 0.993 0.00048365
0 0.994 0.000355327
0 0.995 0.00024675
0 0.996 0.000157918
0 0.997 8.88278e-05
0 0.998 3.94787e-05
0 0.999 9.86962e-06
0 1 0
